   2.20  3530  8510     0     0
4259.36   406   413   409   396
4471.48   514   520   517   505
4713.30   632   637   635   623
4921.93   733   738   735   724
5015.68   777   781   779   768
5080.38   806   810   808   797
5400.56   953   956   954   945
5495.88   996  1000   998   988
5764.42  1115  1119  1116  1107
5852.49  1155  1157  1155  1146
5944.83  1195  1198  1195  1187
6143.06  1282  1284  1282  1273
6266.50  1335  1337  1335  1327
6402.25  1394  1396  1393  1386
6506.53  1438  1440  1438  1431
6598.95  1478  1480  1478  1470
6678.15  1512  1514  1512  1504
6929.47  1620  1621  1619  1612
7032.41  1664  1665  1662  1656
7245.17  1755  1756  1754  1747
7438.90  1838  1839  1836  1830
7635.11  1923  1923  1921  1915
7723.98  1961  1961  1959  1953
7948.18  2057  2057  2055  2049
8014.79  2085  2085  2083  2078
8115.31  2131  2131  2129  2123
8264.52  2197  2196  2193  2188
8377.61  2247  2246  2244  2239
