   2.20  3530  8510     0     0
4259.36   406   413   413   413
4471.48   514   520   520   520
4713.30   632   637   637   637
4921.93   733   738   738   738
5015.68   777   781   781   781
5080.38   806   810   810   810
5400.56   953   956   956   956
5495.88   996  1000  1000  1000
5764.42  1115  1119  1119  1119
5852.49  1155  1157  1157  1157
5944.83  1195  1198  1198  1198
6143.06  1282  1284  1284  1284
6266.50  1335  1337  1337  1337
6402.25  1394  1396  1396  1396
6506.53  1438  1440  1440  1440
6598.95  1478  1480  1480  1480
6678.15  1512  1514  1514  1514
6929.47  1620  1621  1621  1621
7032.41  1664  1665  1665  1665
7245.17  1755  1756  1756  1756
7438.90  1838  1839  1839  1839
7635.11  1923  1923  1923  1923
7723.98  1961  1961  1961  1961
7948.18  2057  2057  2057  2057
8014.79  2085  2085  2085  2085
8115.31  2131  2131  2131  2131
8264.52  2197  2196  2196  2196
8377.61  2247  2246  2246  2246
