   2.20  3540  8510     0     0
4259.36   404   411   407   394
4471.48   511   517   515   502
4713.00   630   635   633   621
4921.93   731   736   733   722
5015.68   774   780   777   766
5080.38   804   808   806   795
5400.56   951   956   953   943
5764.42  1114  1117  1115  1106
5852.49  1153  1156  1154  1145
5944.83  1194  1197  1194  1185
6143.06  1280  1283  1281  1273
6266.50  1334  1336  1334  1326
6402.25  1393  1395  1392  1385
6506.53  1438  1439  1437  1430
6598.95  1477  1479  1477  1469
6717.04  1528  1530  1527  1520
6929.47  1619  1620  1618  1612
7245.17  1755  1755  1753  1746
7635.11  1923  1922  1920  1914
7948.18  2057  2057  2054  2049
8115.31  2131  2130  2128  2123
8264.52  2197  2196  2193  2188
8377.61  2247  2246  2243  2239
