   2.20  3550  8510     0     0
3888.65   196   205   204   189
4259.35   397   405   404   391
4471.48   506   513   511   500
4713.30   625   631   629   618
4921.93   725   731   729   719
5015.68   769   775   773   763
5080.38   799   804   802   792
5400.56   947   951   949   940
5764.42  1109  1113  1111  1102
5852.49  1148  1152  1150  1141
6143.06  1276  1278  1276  1269
6402.25  1388  1390  1388  1381
6506.53  1433  1435  1433  1426
6678.15  1507  1509  1507  1500
6929.47  1615  1616  1614  1607
7032.41  1659  1660  1658  1651
7245.17  1750  1751  1749  1743
7635.11  1918  1919  1916  1910
7948.18  2054  2053  2051  2046
8115.31  2128  2127  2125  2119
8377.61  2244  2243  2240  2235
