 4600         0
 4300         0
 4500         0
 4600         0
 4700         0.0005
 4803.3708    0.0083
 4893.2584    0.0993
 4926.9663    0.2524
 4983.1461    0.4138
 5028.0899    0.5710
 5084.2697    0.7034
 5151.6854    0.7821
 5230.3371    0.8110
 5241.5730    0.8069
 5353.9326    0.7821
 5488.7640    0.7159
 5612.3596    0.6207
 5702.2472    0.5421
 5803.3708    0.4386
 5893.2584    0.3517
 5994.3820    0.2524
 6084.2697    0.1697
 6241.5730    0.0910
 6410.1124    0.0331
 6657.3034    0.0041
 6700         0
 7000         0
 7200         0
 7400         0 